2962.78,4325.29,2941.94,4307.05,2929.95,4356.55,2906.51,4403.45,2884.1,4437.84,2903.38,4451.91,2933.08,4405.01,2949.24,4370.62,"AWESOME"
381.95,2192.57,467.54,2414.79,649.21,2653.52,754.32,2767.63,859.42,2638.5,719.8,2485.4,613.2,2339.7,532.1,2159.54,"JUMBO"
841.4,2838.2,1072.63,2986.84,1481.03,3082.94,1730.27,3067.92,1713.75,2914.77,1428.47,2901.26,1125.18,2817.18,937.5,2698.56,"FLOATING"
1802.34,2887.75,1832.37,3058.91,2177.7,2950.81,2620.64,2614.48,2805.92,2171.1,2632.2,2143.32,2415.09,2539.41,2135.36,2770.48,"RESTAURANT"
949.37,3204.39,891.05,3313.19,1082.84,3399.55,1337.43,3461.23,1519.13,3479.18,1526.98,3346.83,1302.67,3321.04,1115.36,3271.69,"HONG"
1609.97,3346.83,1608.85,3476.93,1841.02,3462.35,2091.13,3400.67,2250.39,3334.5,2207.77,3216.73,1967.75,3304.21,1764.75,3341.23,"KONG"
2411.56,4355.46,2936.45,4237.69,2919.63,4159.18,2429.5,4274.71,"AWESOME!"
2721.72,3960.6,2715.42,3985.37,2753.25,3993.93,2791.08,4011.49,2800.99,3990.78,"SOME"
2815.85,3994.38,2796.48,4011.94,2836.57,4037.16,2883.85,4081.3,2900.07,4107.42,2917.18,4093.91,2887.91,4055.18,2849.18,4020.05,"AWESOME"
2932.49,4108.77,2907.27,4119.13,2924.39,4153.81,2938.35,4193.89,2941.95,4217.31,2962.67,4215.06,2956.81,4180.83,"SPREAD"
2397.45,4119.13,2418.17,4130.39,2438.44,4096.61,2466.81,4065.09,2449.7,4050.68,2420.87,4082.2,"SOME"
2459.61,4037.16,2468.61,4062.84,2512.3,4026.81,2560.04,4001.59,2589.31,3992.58,2583.46,3970.51,2532.11,3989.43,2489.78,4015.1,"AWESOME"
2599.67,3962.85,2603.72,3989.43,2641.1,3982.22,2687.94,3981.77,2710.01,3983.57,2712.71,3961.95,2665.42,3958.8,2624.44,3960.6,"SPREAD"
2968.97,4223.17,2942.85,4225.42,2946.46,4262.35,2942.85,4304.69,2964.92,4306.04,"SOME"
2877.32,4447.74,2893.48,4468.07,2848.14,4501.42,2801.77,4531.64,2791.87,4512.88,2838.76,4482.14,"SPREAD"
2785.73,4514.3,2796.24,4538.82,2712.16,4561.4,2708.27,4537.65,2751.47,4526.75,"SOME"
2704.76,4538.82,2642.1,4539.99,2593.44,4531.03,2564.64,4522.86,2557.63,4544.66,2598.89,4557.11,2652.99,4565.29,2698.54,4567.23,"AWESOME"
2558.8,4518.97,2514.42,4496.78,2470.83,4463.31,2456.04,4476.54,2494.57,4511.96,2545.56,4542.71,"SPREAD"
2464.99,4455.13,2440.47,4427.88,2419.06,4393.63,2398.43,4403.36,2443.58,4474.2,"SOME"
2388.7,4390.52,2373.13,4336.41,2365.34,4288.14,2363.78,4249.61,2386.75,4250.78,2388.31,4300.6,2416.33,4390.13,"AWESOME"
2362.62,4234.04,2387.92,4237.93,2393.76,4191.61,2406.6,4156.19,2414.39,4137.12,2393.76,4126.61,2375.85,4173.32,"SPREAD"
