236.06,560.64,236.59,574.57,265.24,574.57,264.97,560.11,"TONY"
194.63,307.38,194.93,314.78,233.13,311.98,233.13,304.78,"# 10 00 # ##"
205.43,296.78,205.63,303.88,221.83,301.78,221.33,295.78,"#####"
211.53,286.78,211.63,292.08,228.33,290.78,228.03,285.68,"######"
198.43,287.48,198.43,293.88,209.83,292.08,209.93,287.18,"###"
138.12,116.73,157.25,131.8,204.15,115.38,216.0,87.78,208.21,67.97,166.9,90.15,160.46,87.44,137.27,109.81,"CAFFE"
219.2,64.9,229.54,92.69,294.05,85.92,332.15,95.25,355.34,106.07,372.1,73.73,330.96,57.98,275.9,44.8,"FIORELLA"
170.23,143.45,170.01,157.66,323.26,133.98,322.83,118.49,"TORREAFAZIONE"
415.98,563.45,416.11,572.02,440.9,572.0,440.88,562.65,"COM"
313.84,560.51,313.8,574.0,411.0,574.8,410.76,559.97,"TRAVELSIGNPOSTS"
270.46,560.91,270.5,574.7,301.7,574.0,301.25,560.91,"PAGE"
